iss. 46 (2022 06)
iss. 22 (2020 03)
iss. 45 (2022 04)
iss. 35 (2021 06)
iss. 8 (2018 11)
iss. 49 (2022 08)
iss. 19 (2019 11)
iss. 32 (2021 03)
iss. 2 (2018 05)
iss. 2019 (2019 10)
iss. 47 (2022 06)
iss. 13 (2019 06)
iss. 48 (2022 07)
iss. 11 (2019 03)
iss. 31 (2020 12)
iss. 43 (2022 02)
iss. 9 (2019 01)
iss. 53 (2023 01)
iss. 4 (2018 08)
iss. 33 (2021 03)
iss. 18 (2019 10)
iss. 27 (2020 09)
iss. 15 (2019 07)
iss. 5 (2018 08)
iss. 28 (2020 09)
iss. 29 (2020 10)
iss. 30 (2020 11)
iss. 41 (2021 11)
iss. 6 (2018 10)
iss. 10 (2019 03)
iss. 2019 (2019 09)
iss. 2021 (2021 10)
iss. 36 (2021 06)
iss. 21 (2020 03)
iss. 7 (2018 11)
iss. 51 (2022 10)
iss. 55 (2023 03)
iss. 25 (2020 07)
iss. 37 (2021 07)
iss. 42 (2021 12)
iss. 20 (2020 01)
iss. 52 (2022 11)
iss. 14 (2019 06)
iss. 54 (2023 03)
iss. 12 (2019 04)
iss. 24 (2020 06)
iss. 34 (2021 04)
iss. 38 (2021 08)
iss. 26 (2020 07)
iss. 1 (2018 05)
iss. 50 (2022 09)
iss. 39 (2021 10)
iss. 41 (2021 11)
iss. 44 (2022 03)
iss. 23 (2020 05)
iss. 3 (2018 07)
