23 January 2020
10 March 2022
07 November 2019
28 May 2020
01 November 2021
21 May 2020
28 October 2021
30 April 2020
23 April 2020
28 February 2020
09 January 2020
13 January 2022
12 August 2021
13 February 2020
14 April 2022
26 March 2020
29 August 2019
30 January 2020
27 January 2022
24 March 2022
10 October 2019
03 December 2020
21 November 2019
10 February 2022
07 May 2020
09 July 2020
11 November 2020
10 December 2020
23 September 2021
08 July 2021
09 December 2021
12 March 2020
22 August 2019
17 October 2019
28 April 2022
11 June 2020
25 February 2021
13 May 2020
24 June 2021
23 July 2020
26 May 2022
16 November 2019
25 November 2021
14 January 2021
08 April 2021
24 October 2019
05 December 2019
25 June 2020
04 June 2020
09 April 2020
12 September 2019
22 July 2021
22 October 2020
27 August 2020
27 May 2021
10 June 2021
18 June 2020
01 April 2020
19 September 2019
28 January 2021
26 August 2021
01 August 2021
14 November 2019
14 October 2021
05 September 2019
26 September 2019
25 February 2022
16 August 2019
31 October 2019
12 May 2022
09 June 2022
23 June 2022
2022 07 14
2022 07 28
2022 07 25
2022 11 22
2022 12 04
2022 08 08
2022 11 29
2022 11 01
2022 12 06
2022 08 28
2022 11 15
2022 08 25
2022 08 11
2022 09 22
2022 10 01
2022 10 27
2022 11 10
2022 11 22
2022 11 22
2022 12 02
2023 01 12
2023 01 26
2023 02 09
2023 01 26
2023 02 09
2023 01 26
2023 02 09
2023 01 26
2023 02 09
2023 01 26
2023 02 09
2023 02 04
2023 02 09
2023 02 04
2023 03 09
