Onfilm|2010 09|998877133502836|22377511960002836|23377647530002836
Onfilm|2012 04|998877133502836|22377511960002836|23377589530002836
Onfilm|2011 05|998877133502836|22377511960002836|23377589520002836
Onfilm|2012 02|998877133502836|22377511960002836|23377589510002836
Onfilm|2010 11|998877133502836|22377511960002836|23377589500002836
Onfilm|2011 02|998877133502836|22377511960002836|23377647520002836
Onfilm|2012 06|998877133502836|22377511960002836|23377589490002836
Onfilm|2011 03|998877133502836|22377511960002836|23377589480002836
Onfilm|2010 10|998877133502836|22377511960002836|23377589470002836
Onfilm|2011 07|998877133502836|22377511960002836|23377647510002836
Onfilm|2011 06|998877133502836|22377511960002836|23377647480002836
Onfilm|2011 10|998877133502836|22377511960002836|23377589460002836
Onfilm|2012 06|998877133502836|22377511960002836|23377647370002836
Onfilm|2013 07|998877133502836|22377511960002836|23377589310002836
Onfilm|2010 08|998877133502836|22377511960002836|23377647360002836
Onfilm|2011 12|998877133502836|22377511960002836|23377647350002836
Onfilm|2011 08|998877133502836|22377511960002836|23377647340002836
Onfilm|2011 04|998877133502836|22377511960002836|23377647330002836
Onfilm|2010 07|998877133502836|22377511960002836|23377647320002836
Onfilm|2012 03|998877133502836|22377511960002836|23377589300002836
Onfilm|2011 10|998877133502836|22377511960002836|23377646830002836
Onfilm|2011 09|998877133502836|22377511960002836|23377589290002836
Onfilm|2010 05|998877133502836|22377511960002836|23377646820002836
