Wainuiomata news|9915985783502836|2022 02 01
Wainuiomata news|9915985783502836|2022 03 01
Wainuiomata news|9915985783502836|2022 01 01
Wainuiomata news|9915985783502836|2022 02 23
Wainuiomata news|9915985783502836|2022 03 16
Wainuiomata news|9915985783502836|2022 01 19
Wainuiomata news|9915985783502836|2022 01 26
Wainuiomata news|9915985783502836|2022 02 09
Wainuiomata news|9915985783502836|2022 03 23
Wainuiomata news|9915985783502836|2022 02 02
Wainuiomata news|9915985783502836|2022 01 12
Wainuiomata news|9915985783502836|2022 02 16
Wainuiomata news|9915985783502836|2022 03 02
Wainuiomata news|9915985783502836|2022 03 09
Onfilm|998877133502836|2010 09
Onfilm|998877133502836|2010 09
Onfilm|998877133502836|2010 09
Onfilm|998877133502836|2012 04
Onfilm|998877133502836|2011 05
Onfilm|998877133502836|2012 02
Onfilm|998877133502836|2010 11
Onfilm|998877133502836|2011 02
Onfilm|998877133502836|2012 06
Onfilm|998877133502836|2011 03
Onfilm|998877133502836|2010 10
Onfilm|998877133502836|2011 07
Onfilm|998877133502836|2011 06
Onfilm|998877133502836|2011 10
Onfilm|998877133502836|2012 06
Onfilm|998877133502836|2013 07
Onfilm|998877133502836|2010 08
Onfilm|998877133502836|2011 12
Onfilm|998877133502836|2011 08
Onfilm|998877133502836|2011 04
Onfilm|998877133502836|2010 07
Onfilm|998877133502836|2012 03
Onfilm|998877133502836|2011 10
Onfilm|998877133502836|2011 09
Onfilm|998877133502836|2010 09
Onfilm|998877133502836|2010 05
