Cromwell bulletin|iss. 1593 (2018 07 19)|9918191969802836|22305544680002836|23379966480002836
Cromwell bulletin|iss. 1595 (2018 08 03)|9918191969802836|22305544680002836|23379986940002836
Cromwell bulletin|iss. 1596 (2018 08 09)|9918191969802836|22305544680002836|23379966470002836
Cromwell bulletin|iss. 1539 (2017 07 05)|9918191969802836|22305544680002836|23379986930002836
Cromwell bulletin|iss. 1569 (2018 02 02)|9918191969802836|22305544680002836|23379966460002836
Cromwell bulletin|iss. 1578 (2018 04 06)|9918191969802836|22305544680002836|23379966450002836
Cromwell bulletin|iss. 1519 (2017 02 16)|9918191969802836|22305544680002836|23379986920002836
Cromwell bulletin|iss. 1584 (2018 05 16)|9918191969802836|22305544680002836|23379986910002836
Cromwell bulletin|iss. 1605 (2018 10 10)|9918191969802836|22305544680002836|23379966440002836
Cromwell bulletin|iss. 1481 (2016 05 26)|9918191969802836|22305544680002836|23379966370002836
Cromwell bulletin|iss. 1558 (2017 11 16)|9918191969802836|22305544680002836|23379966060002836
Cromwell bulletin|iss. 1570 (2018 02 08)|9918191969802836|22305544680002836|23379965750002836
Cromwell bulletin|iss. 1511 (2016 12 22)|9918191969802836|22305544680002836|23379985980002836
Cromwell bulletin|iss. 1613 (2018 12 06)|9918191969802836|22305544680002836|23379985950002836
Cromwell bulletin|iss. 1589 (2018 06 21)|9918191969802836|22305544680002836|23379985900002836
Cromwell bulletin|iss. 1628 (2019 03 21)|9918191969802836|22305544680002836|23379965300002836
Cromwell bulletin|iss. 1515 (2017 01 19)|9918191969802836|22305544680002836|23379985770002836
Cromwell bulletin|iss. 1609 (2018 11 08)|9918191969802836|22305544680002836|23379985680002836
Cromwell bulletin|iss. 1530 (2017 05 04)|9918191969802836|22305544680002836|23379985590002836
Cromwell bulletin|iss. 1543 (2017 08 03)|9918191969802836|22305544680002836|23379965070002836
Cromwell bulletin|iss. 1536 (2017 06 16)|9918191969802836|22305544680002836|23379985420002836
Cromwell bulletin|iss. 1485 (2016 06 22)|9918191969802836|22305544680002836|23379964900002836
Cromwell bulletin|iss. 1551 (2017 09 28)|9918191969802836|22305544680002836|23379964810002836
Cromwell bulletin|iss. 1575 (2018 03 18)|9918191969802836|22305544680002836|23379985150002836
Cromwell bulletin|iss. 1585 (2018 05 23)|9918191969802836|22305544680002836|23379985100002836
Cromwell bulletin|iss. 1561 (2017 12 01)|9918191969802836|22305544680002836|23379985090002836
Cromwell bulletin|iss. 1478 (2016 05 12)|9918191969802836|22305544680002836|23379985080002836
Cromwell bulletin|iss. 1498 (2016 09 27)|9918191969802836|22305544680002836|23379964660002836
Cromwell bulletin|iss. 1581 (2018 04 27)|9918191969802836|22305544680002836|23379985070002836
Cromwell bulletin|iss. 1533 (2017 05 28)|9918191969802836|22305544680002836|23379964650002836
Cromwell bulletin|iss. 1526 (2017 04 07)|9918191969802836|22305544680002836|23379964640002836
Cromwell bulletin|iss. 1522 (2017 03 09)|9918191969802836|22305544680002836|23379984860002836
Cromwell bulletin|iss. 1527 (2017 04 13)|9918191969802836|22305544680002836|23379984630002836
Cromwell bulletin|iss. 1496 (2016 09 07)|9918191969802836|22305544680002836|23379984580002836
Cromwell bulletin|iss. 1594 (2018 07 26)|9918191969802836|22305544680002836|23379963950002836
Cromwell bulletin|iss. 1580 (2018 04 19)|9918191969802836|22305544680002836|23379963940002836
Cromwell bulletin|iss. 1559 (2017 11 24)|9918191969802836|22305544680002836|23379984550002836
Cromwell bulletin|iss. 1482 (2016 06 09)|9918191969802836|22305544680002836|23379984540002836
Cromwell bulletin|iss. 1566 (2018 01 11)|9918191969802836|22305544680002836|23379984530002836
Cromwell bulletin|iss. 1621 (2019 01 31)|9918191969802836|22305544680002836|23379984520002836
Cromwell bulletin|iss. 1508 (2016 11 30)|9918191969802836|22305544680002836|23379963930002836
Cromwell bulletin|iss. 1489 (2016 07 24)|9918191969802836|22305544680002836|23379963920002836
Cromwell bulletin|iss. 1505 (2016 11 09)|9918191969802836|22305544680002836|23379984510002836
Cromwell bulletin|iss. 1588 (2018 06 14)|9918191969802836|22305544680002836|23379984500002836
Cromwell bulletin|iss. 1626 (2019 03 07)|9918191969802836|22305544680002836|23379984490002836
Cromwell bulletin|iss. 1540 (2017 07 13)|9918191969802836|22305544680002836|23379984480002836
Cromwell bulletin|iss. 1475 (2016 04 11)|9918191969802836|22305544680002836|23379963910002836
Cromwell bulletin|iss. 1547 (2017 08 31)|9918191969802836|22305544680002836|23379984470002836
Cromwell bulletin|iss. 1494 (2016 08 25)|9918191969802836|22305544680002836|23379963900002836
Cromwell bulletin|iss. 1538 (2017 06 29)|9918191969802836|22305544680002836|23379984460002836
Cromwell bulletin|iss. 1541 (2017 07 20)|9918191969802836|22305544680002836|23379984450002836
Cromwell bulletin|iss. 1598 (2018 08 17)|9918191969802836|22305544680002836|23379984440002836
Cromwell bulletin|iss. 1601 (2018 09 13)|9918191969802836|22305544680002836|23379984430002836
Cromwell bulletin|iss. 1565 (2018 01 05)|9918191969802836|22305544680002836|23379963890002836
Cromwell bulletin|iss. 1557 (2017 11 09)|9918191969802836|22305544680002836|23379984420002836
Cromwell bulletin|iss. 1577 (2018 04 06)|9918191969802836|22305544680002836|23379963880002836
Cromwell bulletin|iss. 1542 (2017 07 26)|9918191969802836|22305544680002836|23379963870002836
Cromwell bulletin|iss. 1510 (2016 12 15)|9918191969802836|22305544680002836|23379984410002836
Cromwell bulletin|iss. 1576 (2018 03 25)|9918191969802836|22305544680002836|23379963860002836
Cromwell bulletin|iss. 1475 (2016 04 14)|9918191969802836|22305544680002836|23379963850002836
Cromwell bulletin|iss. 1499 (2016 09 29)|9918191969802836|22305544680002836|23379984400002836
Cromwell bulletin|iss. 1493 (2016 08 18)|9918191969802836|22305544680002836|23379984390002836
Cromwell bulletin|iss. 1504 (2016 11 03)|9918191969802836|22305544680002836|23379963840002836
Cromwell bulletin|iss. 1556 (2017 11 01)|9918191969802836|22305544680002836|23379984380002836
Cromwell bulletin|iss. 1552 (2017 10 18)|9918191969802836|22305544680002836|23379984370002836
Cromwell bulletin|iss. 1480 (2016 05 19)|9918191969802836|22305544680002836|23379984360002836
Cromwell bulletin|iss. 1479 (2016 05 12)|9918191969802836|22305544680002836|23379963830002836
Cromwell bulletin|iss. 1476 (2016 04 21)|9918191969802836|22305544680002836|23379984350002836
Cromwell bulletin|iss. 1473 (2016 03 17)|9918191969802836|22305544680002836|23379984340002836
Cromwell bulletin|iss. 1573 (2018 03 01)|9918191969802836|22305544680002836|23379984330002836
Cromwell bulletin|iss. 1571 (2018 02 15)|9918191969802836|22305544680002836|23379984320002836
Cromwell bulletin|iss. 1544 (2017 08 10)|9918191969802836|22305544680002836|23379984310002836
Cromwell bulletin|iss. 1616 (2018 12 28)|9918191969802836|22305544680002836|23379963800002836
Cromwell bulletin|iss. 1553 (2017 10 19)|9918191969802836|22305544680002836|23379984300002836
Cromwell bulletin|iss. 1495 (2016 09 02)|9918191969802836|22305544680002836|23379984270002836
Cromwell bulletin|iss. 1617 (2019 01 03)|9918191969802836|22305544680002836|23379963770002836
Cromwell bulletin|iss. 1474 (2016 04 07)|9918191969802836|22305544680002836|23379984080002836
Cromwell bulletin|iss. 1506 (2016 11 16)|9918191969802836|22305544680002836|23379983600002836
Cromwell bulletin|iss. 1606 (2018 10 18)|9918191969802836|22305544680002836|23379983590002836
Cromwell bulletin|iss. 1531 (2017 05 10)|9918191969802836|22305544680002836|23379963600002836
Cromwell bulletin|iss. 1500 (2016 10 06)|9918191969802836|22305544680002836|23379963590002836
Cromwell bulletin|iss. 1625 (2019 02 28)|9918191969802836|22305544680002836|23379963580002836
Cromwell bulletin|iss. 1503 (2016 10 26)|9918191969802836|22305544680002836|23379963570002836
Cromwell bulletin|iss. 1501 (2016 10 13)|9918191969802836|22305544680002836|23379983560002836
Cromwell bulletin|iss. 1555 (2017 10 26)|9918191969802836|22305544680002836|23379963560002836
Cromwell bulletin|iss. 1587 (2018 06 14)|9918191969802836|22305544680002836|23379983550002836
Cromwell bulletin|iss. 1488 (2016 07 13)|9918191969802836|22305544680002836|23379983540002836
Cromwell bulletin|iss. 1497 (2016 09 15)|9918191969802836|22305544680002836|23379963550002836
Cromwell bulletin|iss. 1491 (2016 08 03)|9918191969802836|22305544680002836|23379963540002836
Cromwell bulletin|iss. 1537 (2017 06 21)|9918191969802836|22305544680002836|23379963530002836
Cromwell bulletin|iss. 1546 (2017 08 24)|9918191969802836|22305544680002836|23379963520002836
Cromwell bulletin|iss. 1516 (2017 01 26)|9918191969802836|22305544680002836|23379983530002836
Cromwell bulletin|iss. 1583 (2018 05 10)|9918191969802836|22305544680002836|23379963510002836
Cromwell bulletin|iss. 1568 (2018 01 30)|9918191969802836|22305544680002836|23379983520002836
Cromwell bulletin|iss. 1514 (2017 01 11)|9918191969802836|22305544680002836|23379983510002836
Cromwell bulletin|iss. 1520 (2017 02 22)|9918191969802836|22305544680002836|23379963500002836
Cromwell bulletin|iss. 1612 (2018 11 29)|9918191969802836|22305544680002836|23379963490002836
Cromwell bulletin|iss. 1486 (2016 06 30)|9918191969802836|22305544680002836|23379963480002836
Cromwell bulletin|iss. 1528 (2017 04 20)|9918191969802836|22305544680002836|23379963470002836
Cromwell bulletin|iss. 1554 (2017 10 19)|9918191969802836|22305544680002836|23379963460002836
Cromwell bulletin|iss. 1624 (2019 02 21)|9918191969802836|22305544680002836|23379963450002836
Cromwell bulletin|iss. 1509 (2016 12 07)|9918191969802836|22305544680002836|23379963440002836
Cromwell bulletin|iss. 1572 (2018 02 21)|9918191969802836|22305544680002836|23379963430002836
Cromwell bulletin|iss. 1472 (2016 01 21)|9918191969802836|22305544680002836|23379963420002836
Cromwell bulletin|iss. 1611 (2018 11 22)|9918191969802836|22305544680002836|23379963410002836
Cromwell bulletin|iss. 1620 (2019 01 24)|9918191969802836|22305544680002836|23379963380002836
Cromwell bulletin|iss. 1627 (2019 03 14)|9918191969802836|22305544680002836|23379963370002836
Cromwell bulletin|iss. 1615 (2018 12 28)|9918191969802836|22305544680002836|23379963340002836
Cromwell bulletin|iss. 1484 (2016 06 16)|9918191969802836|22305544680002836|23379962190002836
Cromwell bulletin|iss. 1579 (2018 04 12)|9918191969802836|22305544680002836|23379982770002836
Cromwell bulletin|iss. 1507 (2016 11 24)|9918191969802836|22305544680002836|23379982760002836
Cromwell bulletin|iss. 1567 (2018 01 17)|9918191969802836|22305544680002836|23379982730002836
Cromwell bulletin|iss. 1525 (2017 03 29)|9918191969802836|22305544680002836|23379962160002836
Cromwell bulletin|iss. 1608 (2018 11 01)|9918191969802836|22305544680002836|23379962150002836
Cromwell bulletin|iss. 1590 (2018 06 27)|9918191969802836|22305544680002836|23379982700002836
Cromwell bulletin|iss. 1529 (2017 04 27)|9918191969802836|22305544680002836|23379982690002836
Cromwell bulletin|iss. 1586 (2018 06 14)|9918191969802836|22305544680002836|23379962140002836
Cromwell bulletin|iss. 1492 (2016 08 10)|9918191969802836|22305544680002836|23379982680002836
Cromwell bulletin|iss. 1618 (2019 01 10)|9918191969802836|22305544680002836|23379982670002836
Cromwell bulletin|iss. 1614 (2018 12 13)|9918191969802836|22305544680002836|23379962130002836
Cromwell bulletin|iss. 1619 (2019 01 17)|9918191969802836|22305544680002836|23379982660002836
Cromwell bulletin|iss. 1518 (2017 02 09)|9918191969802836|22305544680002836|23379962120002836
Cromwell bulletin|iss. 1535 (2017 06 08)|9918191969802836|22305544680002836|23379962110002836
Cromwell bulletin|iss. 1483 (2016 06 09)|9918191969802836|22305544680002836|23379962100002836
Cromwell bulletin|iss. 1534 (2017 06 01)|9918191969802836|22305544680002836|23379982650002836
Cromwell bulletin|iss. 1564 (2017 12 27)|9918191969802836|22305544680002836|23379982640002836
Cromwell bulletin|iss. 1517 (2017 02 01)|9918191969802836|22305544680002836|23379962090002836
Cromwell bulletin|iss. 1592 (2018 07 12)|9918191969802836|22305544680002836|23379982630002836
Cromwell bulletin|iss. 1598 (2018 08 23)|9918191969802836|22305544680002836|23379982620002836
Cromwell bulletin|iss. 1599 (2018 08 29)|9918191969802836|22305544680002836|23379962060002836
Cromwell bulletin|iss. 1503 (2016 10 27)|9918191969802836|22305544680002836|23379982610002836
Cromwell bulletin|iss. 1548 (2017 09 07)|9918191969802836|22305544680002836|23379962030002836
Cromwell bulletin|iss. 1623 (2019 02 14)|9918191969802836|22305544680002836|23379982600002836
Cromwell bulletin|iss. 1563 (2017 12 21)|9918191969802836|22305544680002836|23379962020002836
Cromwell bulletin|iss. 1521 (2017 03 02)|9918191969802836|22305544680002836|23379962010002836
Cromwell bulletin|iss. 1523 (2017 03 19)|9918191969802836|22305544680002836|23379962000002836
Cromwell bulletin|iss. 1549 (2017 09 14)|9918191969802836|22305544680002836|23379982590002836
Cromwell bulletin|iss. 1622 (2019 02 07)|9918191969802836|22305544680002836|23379982580002836
Cromwell bulletin|iss. 1477 (2016 04 27)|9918191969802836|22305544680002836|23379982570002836
Cromwell bulletin|iss. 1582 (2018 05 02)|9918191969802836|22305544680002836|23379982560002836
Cromwell bulletin|iss. 1561 (2017 12 06)|9918191969802836|22305544680002836|23379982550002836
Cromwell bulletin|iss. 1610 (2018 11 15)|9918191969802836|22305544680002836|23379982540002836
Cromwell bulletin|iss. 1532 (2017 05 18)|9918191969802836|22305544680002836|23379961990002836
Cromwell bulletin|iss. 1524 (2017 03 22)|9918191969802836|22305544680002836|23379961960002836
Cromwell bulletin|iss. 1487 (2016 07 06)|9918191969802836|22305544680002836|23379982530002836
Cromwell bulletin|iss. 1550 (2017 09 21)|9918191969802836|22305544680002836|23379982520002836
