Debate|iss. 2 (2019)|9917613523502836|22201059740002836|23380739710002836
Debate|iss. 6 (2019)|9917613523502836|22201059740002836|23380731290002836
Debate|iss. 9 (2019)|9917613523502836|22201059740002836|23380731280002836
Debate|iss. 8 (2019)|9917613523502836|22201059740002836|23380731270002836
Debate|iss. 10 (2020)|9917613523502836|22201059740002836|23380739700002836
Debate|iss. 8 (2021)|9917613523502836|22201059740002836|23380739690002836
Debate|iss. 6 (2021)|9917613523502836|22201059740002836|23380739680002836
Debate|iss. 10 (2018)|9917613523502836|22201059740002836|23380739670002836
Debate|iss. 2 (2021)|9917613523502836|22201059740002836|23380731260002836
Debate|iss. 7 (2021)|9917613523502836|22201059740002836|23380731250002836
Debate|iss. 2 (2018)|9917613523502836|22201059740002836|23380739660002836
Debate|iss. 4 (2018)|9917613523502836|22201059740002836|23380739650002836
