Nexus|iss. 13 (2021)|9912860763502836|22217000270002836|23382790860002836
Nexus|iss. 15 (2021)|9912860763502836|22217000270002836|23382790850002836
Nexus|iss. 5 (2021)|9912860763502836|22217000270002836|23382790820002836
Nexus|iss. 18 (2021)|9912860763502836|22217000270002836|23382800230002836
Nexus|iss. 11 (2021)|9912860763502836|22217000270002836|23382800200002836
Nexus|iss. 14 (2021)|9912860763502836|22217000270002836|23382800170002836
Nexus|iss. 17 (2015)|9912860763502836|22217000270002836|23382790790002836
Nexus|iss. 24 (2021)|9912860763502836|22217000270002836|23382790780002836
Nexus|iss. 7 (2021)|9912860763502836|22217000270002836|23382800160002836
Nexus|iss. 12 (2021)|9912860763502836|22217000270002836|23382790750002836
Nexus|iss. 10 (2020)|9912860763502836|22217000270002836|23382800150002836
Nexus|iss. 10 (2021)|9912860763502836|22217000270002836|23382800140002836
Nexus|iss. 22 (2021)|9912860763502836|22217000270002836|23382800110002836
Nexus|iss. 8 (2021)|9912860763502836|22217000270002836|23382800100002836
Nexus|iss. 21 (2021)|9912860763502836|22217000270002836|23382790720002836
Nexus|2021|9912860763502836|22217000270002836|23382790690002836
Nexus|iss. 9 (2021)|9912860763502836|22217000270002836|23382790680002836
Nexus|iss. 17 (2013)|9912860763502836|22217000270002836|23382790670002836
Nexus|iss. 19 (2013)|9912860763502836|22217000270002836|23382800050002836
Nexus|iss. 6 (2021)|9912860763502836|22217000270002836|23382799870002836
Nexus|iss. 19 (2021)|9912860763502836|22217000270002836|23382799860002836
Covernote IBANZ|2022 06|9918164168202836|22293538660002836|23382790540002836
Wainuiomata news|2022 06 22|9915985783502836|22220594220002836|23382799810002836
