The farmlander|2017 11|9918586871802836|22321171590002836|23381223830002836
The farmlander|2019 06|9918586871802836|22321171590002836|23381211290002836
The farmlander|2019 04|9918586871802836|22321171590002836|23381223820002836
The farmlander|2021 09|9918586871802836|22321171590002836|23381211280002836
The farmlander|2018 11|9918586871802836|22321171590002836|23381223810002836
The farmlander|2020 02|9918586871802836|22321171590002836|23381223800002836
The farmlander|2021 11|9918586871802836|22321171590002836|23381211270002836
The farmlander|2018 05|9918586871802836|22321171590002836|23381211260002836
The farmlander|2018 09|9918586871802836|22321171590002836|23381211250002836
The farmlander|2020 03|9918586871802836|22321171590002836|23381223790002836
The farmlander|2020 10|9918586871802836|22321171590002836|23381211240002836
The farmlander|2019 12|9918586871802836|22321171590002836|23381211230002836
The farmlander|2017 09|9918586871802836|22321171590002836|23381223780002836
The farmlander|2022 02|9918586871802836|22321171590002836|23381211220002836
The farmlander|2020 05|9918586871802836|22321171590002836|23381211210002836
The farmlander|2019 09|9918586871802836|22321171590002836|23381223770002836
The farmlander|2017 02|9918586871802836|22321171590002836|23381211200002836
The farmlander|2018 07|9918586871802836|22321171590002836|23381223760002836
The farmlander|2017 12|9918586871802836|22321171590002836|23381223750002836
The farmlander|2020 08|9918586871802836|22321171590002836|23381211190002836
The farmlander|2018 12|9918586871802836|22321171590002836|23381211180002836
The farmlander|2021 10|9918586871802836|22321171590002836|23381211170002836
The farmlander|2017 06|9918586871802836|22321171590002836|23381211160002836
The farmlander|2021 12|9918586871802836|22321171590002836|23381223740002836
The farmlander|2018 08|9918586871802836|22321171590002836|23381223730002836
The farmlander|2018 10|9918586871802836|22321171590002836|23381211150002836
The farmlander|2018 06|9918586871802836|22321171590002836|23381211140002836
The farmlander|2017 08|9918586871802836|22321171590002836|23381211130002836
The farmlander|2017 03|9918586871802836|22321171590002836|23381211120002836
The farmlander|2019 02|9918586871802836|22321171590002836|23381223720002836
The farmlander|2017 07|9918586871802836|22321171590002836|23381211110002836
The farmlander|2018 02|9918586871802836|22321171590002836|23381223710002836
The farmlander|2022 04|9918586871802836|22321171590002836|23381211100002836
The farmlander|2021 06|9918586871802836|22321171590002836|23381211090002836
The farmlander|2020 07|9918586871802836|22321171590002836|23381211080002836
The farmlander|2019 05|9918586871802836|22321171590002836|23381223700002836
The farmlander|2021 08|9918586871802836|22321171590002836|23381211070002836
The farmlander|2020 11|9918586871802836|22321171590002836|23381211060002836
The farmlander|2021 02|9918586871802836|22321171590002836|23381211050002836
The farmlander|2021 05|9918586871802836|22321171590002836|23381223690002836
The farmlander|2019 11|9918586871802836|22321171590002836|23381223680002836
The farmlander|2021 04|9918586871802836|22321171590002836|23381211040002836
The farmlander|2021 03|9918586871802836|22321171590002836|23381223670002836
