Nelson weekly|2020 07 01|9915184713502836|22199835210002836|23381338690002836
Nelson weekly|2020 09 16|9915184713502836|22199835210002836|23381338680002836
Nelson weekly|2020 10 14|9915184713502836|22199835210002836|23381360300002836
Nelson weekly|2021 09 08|9915184713502836|22199835210002836|23381360290002836
Nelson weekly|2019 05 15|9915184713502836|22199835210002836|23381338670002836
Nelson weekly|2019 05 29|9915184713502836|22199835210002836|23381338660002836
Nelson weekly|2021 11 17|9915184713502836|22199835210002836|23381338650002836
Nelson weekly|2021 03 17|9915184713502836|22199835210002836|23381360280002836
Nelson weekly|2019 08 07|9915184713502836|22199835210002836|23381338640002836
Nelson weekly|2019 10 23|9915184713502836|22199835210002836|23381360270002836
Nelson weekly|2020 01 22|9915184713502836|22199835210002836|23381360260002836
Nelson weekly|2020 05 13|9915184713502836|22199835210002836|23381360250002836
Nelson weekly|2019 04 17|9915184713502836|22199835210002836|23381338630002836
Nelson weekly|2019 12 18|9915184713502836|22199835210002836|23381360240002836
Nelson magazine|2019 06|9918755172802836|22326741860002836|23381360230002836
Nelson magazine|2019 03|9918755172802836|22326741860002836|23381360220002836
Nelson magazine|2021 07|9918755172802836|22326741860002836|23381338620002836
Nelson magazine|2019 07|9918755172802836|22326741860002836|23381338610002836
Nelson magazine|2019 02|9918755172802836|22326741860002836|23381338600002836
Nelson magazine|2020 06|9918755172802836|22326741860002836|23381338590002836
Nelson magazine|2020 09|9918755172802836|22326741860002836|23381338580002836
Nelson magazine|2020 03|9918755172802836|22326741860002836|23381338570002836
Nelson magazine|2021 05|9918755172802836|22326741860002836|23381338560002836
Nelson magazine|2020 07|9918755172802836|22326741860002836|23381360210002836
Nelson magazine|2019 08|9918755172802836|22326741860002836|23381338550002836
Nelson magazine|2020 12|9918755172802836|22326741860002836|23381338520002836
Nelson magazine|2021 12|9918755172802836|22326741860002836|23381360180002836
Nelson magazine|2020 08|9918755172802836|22326741860002836|23381360140002836
Nelson magazine|2021 10|9918755172802836|22326741860002836|23381338440002836
Nelson magazine|2021 09|9918755172802836|22326741860002836|23381360070002836
Nelson magazine|2018 11|9918755172802836|22326741860002836|23381338350002836
Nelson magazine|2020 10|9918755172802836|22326741860002836|23381338300002836
Nelson magazine|2019 09|9918755172802836|22326741860002836|23381359940002836
Nelson magazine|2019 05|9918755172802836|22326741860002836|23381359930002836
Nelson magazine|2021 03|9918755172802836|22326741860002836|23381338180002836
Nelson magazine|2021 11|9918755172802836|22326741860002836|23381338170002836
Nelson magazine|2021 04|9918755172802836|22326741860002836|23381338160002836
Nelson magazine|2020 02|9918755172802836|22326741860002836|23381338150002836
Nelson magazine|2021 01|9918755172802836|22326741860002836|23381359900002836
Nelson magazine|2021 06|9918755172802836|22326741860002836|23381359890002836
Nelson magazine|2019 11|9918755172802836|22326741860002836|23381338140002836
Nelson magazine|2019 12|9918755172802836|22326741860002836|23381359880002836
Nelson magazine|2019 10|9918755172802836|22326741860002836|23381338130002836
Nelson magazine|2021 02|9918755172802836|22326741860002836|23381338120002836
Nelson magazine|2021 08|9918755172802836|22326741860002836|23381338110002836
NZBPT news|2020 09|9916849193502836|22188657400002836|23381359780002836
NZBPT news|2019 06|9916849193502836|22188657400002836|23381408040002836
NZBPT news|2021 08|9916849193502836|22188657400002836|23381408030002836
NZBPT news|2019 12|9916849193502836|22188657400002836|23381408000002836
Chat 21 Down Syndrome community|2022 08|9919016050202836|22355201020002836|23381359010002836
Nourish magazine|2021 Spring|9915992323502836|22234745120002836|23381407190002836
Nourish magazine|2019 Summer|9915992323502836|22234745120002836|23381359000002836
Nourish magazine|2021 Summer|9915992323502836|22234745120002836|23381407180002836
Nourish magazine|2021 Winter|9915992323502836|22234745120002836|23381407170002836
