23 November 2021
31 August 2021
14 September 2021
08 February 2022
26 October 2021
09 November 2021
12 October 2021
07 December 2021
28 September 2021
25 January 2022
08 March 2022
22 February 2022
22 March 2022
05 April 2022
19 April 2022
03 May 2022
17 May 2022
31 May 2022
14 June 2022
iss. 497 (2022 06 28)
iss. 498 (2022 07 12)
iss. 499 (2022 07 26)
iss. 500 (2022 08 09)
iss. 501 (2022 08 23)
iss. 502 (2022 09 06)
iss. 503 (2022 09 20)
iss. 504 (2022 10 04)
iss. 505 (2022 10 18)
iss. 506 (2022 11 01)
iss. 507 (2022 11 15)
iss. 508 (2022 11 29)
iss. 509 (2022 12 13)
iss. 510 (2023 01 24)
iss. 512 (2023 02 21)
iss. 511 (2023 02 07)
