20 September 2021
06 December 2021
13 September 2021
06 September 2021
18 October 2021
15 November 2021
01 November 2021
13 December 2021
07 February 2022
27 September 2021
04 October 2021
31 January 2022
29 November 2021
08 November 2021
14 February 2022
20 December 2021
11 October 2021
14 February 2022
24 January 2022
17 January 2022
28 February 2022
14 March 2022
07 March 2022
21 March 2022
28 March 2022
04 April 2022
11 April 2022
18 April 2022
25 April 2022
02 May 2022
09 May 2022
16 May 2022
23 May 2022
30 May 2022
06 June 2022
13 June 2022
20 June 2022
27 June 2022
2022 07 04
2022 07 11
2022 07 18
2022 08 01
2022 07 25
2022 08 08
2022 08 22
2022 08 15
2022 08 29
2022 09 05
2022 09 12
2022 09 19
2022 09 26
2022 10 03
2022 10 10
2022 10 17
2022 10 24
2022 11 07
2022 10 31
2022 11 14
2022 11 21
2022 11 28
2022 12 05
2022 12 19
2022 12 12
2023 01 16
2023 01 23
2023 01 30
2023 02 13
2023 02 06
2023 02 20
2023 02 27
2023 03 06
2023 03 13
