25 October 2021
10 September 2022
22 November 2021
27 August 2022
06 December 2021
24 January 2022
27 September 2021
11 October 2021
20 December 2021
08 November 2021
07 February 2022
07 March 2022
21 February 2022
iss. 322 (2022 05 02)
iss. 325 (2022 06 13)
iss. 331 (2022 09 05)
iss. 319 (2022 03 21)
iss. 328 (2022 07 25)
iss. 330 (2022 08 22)
iss. 329 (2022 08 08)
iss. 326 (2022 06 27)
iss. 323 (2022 05 16)
iss. 327 (2022 07 10)
iss. 324 (2022 05 30)
iss. 332 (2022 09 19)
iss. 333 (2022 10 03)
iss. 334 (2022 10 17)
iss. 335 (2022 10 31)
iss. 227 (2017 11 01)
iss. 336 (2022 11 14)
iss. 337 (2022 11 28)
iss. 338 (2022 12 12)
iss. 340 (2023 02 06)
iss. 339 (2023 01 23)
iss. 341 (2023 02 20)
