14 September 2021
21 September 2021
05 October 2021
28 September 2021
12 October 2021
19 October 2021
26 October 2021
09 November 2021
02 November 2021
30 November 2021
07 December 2021
16 November 2021
23 November 2021
14 December 2021
11 January 2022
18 January 2022
08 February 2022
01 February 2022
25 January 2022
15 February 2022
08 March 2022
22 February 2022
01 March 2022
22 March 2022
15 March 2022
29 March 2022
05 April 2022
12 April 2022
19 April 2022
26 April 2022
03 May 2022
10 May 2022
17 May 2022
24 May 2022
31 May 2022
07 June 2022
14 June 2022
21 June 2022
28 June 2022
2022 07 12
2022 07 05
2022 07 19
2022 07 26
2022 08 02
2022 08 16
2022 08 09
2022 08 23
2022 08 30
2022 09 06
2022 09 13
2022 09 20
2022 09 27
2022 10 04
2022 10 11
2022 10 18
2022 10 25
2022 11 01
2022 11 08
2021 12 21
2022 11 15
2022 11 22
2022 11 29
2022 12 06
2022 12 13
2022 12 20
2023 01 10
2023 01 17
2023 01 24
2023 02 07
2023 02 14
2023 01 31
2023 02 21
2023 02 28
