Nelson weekly|2022 10 12|9915184713502836|22199835210002836|23387469660002836
FMCG business|2022 10|9918756873202836|22327112780002836|23387448670002836
Hibiscus Matters|iss. 322 (2022 05 02)|9915638213502836|22211631800002836|23387448520002836
Hibiscus Matters|iss. 325 (2022 06 13)|9915638213502836|22211631800002836|23387469150002836
Hibiscus Matters|iss. 331 (2022 09 05)|9915638213502836|22211631800002836|23387448510002836
Hibiscus Matters|iss. 319 (2022 03 21)|9915638213502836|22211631800002836|23387448500002836
Hibiscus Matters|iss. 328 (2022 07 25)|9915638213502836|22211631800002836|23387469140002836
Hibiscus Matters|iss. 330 (2022 08 22)|9915638213502836|22211631800002836|23387448490002836
Hibiscus Matters|iss. 329 (2022 08 08)|9915638213502836|22211631800002836|23387469130002836
Hibiscus Matters|iss. 326 (2022 06 27)|9915638213502836|22211631800002836|23387469120002836
Hibiscus Matters|iss. 323 (2022 05 16)|9915638213502836|22211631800002836|23387469110002836
Hibiscus Matters|iss. 327 (2022 07 10)|9915638213502836|22211631800002836|23387448480002836
Hibiscus Matters|iss. 324 (2022 05 30)|9915638213502836|22211631800002836|23387469100002836
Hibiscus Matters|iss. 332 (2022 09 19)|9915638213502836|22211631800002836|23387448470002836
Hort news|iss. 02 (2022 10)|9918586073402836|22321031800002836|23387469090002836
Hibiscus Matters|iss. 333 (2022 10 03)|9915638213502836|22211631800002836|23387448460002836
Rural news|iss. 761 (2022 10 11)|9916372423502836|22258493830002836|23387448430002836
Prospectus|2024|9912284943502836|22227698510002836|23387468760002836
New Zealand printer|2022 09|9919001173502836|22352362130002836|23387447990002836
