The weekend lifestyler|9918994269002836|2021 11 19
The weekend lifestyler|9918994269002836|2021 11 26
Weekend Sun|9915789603502836|2021 11 12
Weekend Sun|9915789603502836|2021 11 19
Weekend Sun|9915789603502836|2021 10 22
Weekend Sun|9915789603502836|2021 11 05
Weekend Sun|9915789603502836|2021 10 29
Weekend Sun|9915789603502836|2021 11 26
Asset|9919122616802836|2020 05
Asset|9919122616802836|2017 05
Asset|9919122616802836|iss. 128 (2013 01)
Asset|9919122616802836|no. 4 (2021 01)
Asset|9919122616802836|2017 06
Asset|9919122616802836|2017 09
Asset|9919122616802836|2015 11
Asset|9919122616802836|2017 01
Asset|9919122616802836|2020 10
Asset|9919122616802836|2019 05
Asset|9919122616802836|iss. 125 (2013 01)
Asset|9919122616802836|iss. 133 (2014 01)
Asset|9919122616802836|2016 06
Asset|9919122616802836|iss. 137 (2014 01)
Asset|9919122616802836|2011 12
Asset|9919122616802836|2020 04
Asset|9919122616802836|2019 04
Asset|9919122616802836|2021 01
Asset|9919122616802836|iss. 124 (2013 01)
Asset|9919122616802836|2020 03
Asset|9919122616802836|2017 07
Asset|9919122616802836|iss. 129 (2014 01)
Asset|9919122616802836|2020 07
Asset|9919122616802836|2019 06
Asset|9919122616802836|2019 07
Asset|9919122616802836|2017 03
Asset|9919122616802836|2017 08
Asset|9919122616802836|2016 02
Asset|9919122616802836|2020 11
Asset|9919122616802836|2019 09
Asset|9919122616802836|2019 10
Asset|9919122616802836|2019 08
Asset|9919122616802836|iss. 126 (2013 01)
Asset|9919122616802836|2015 08
Asset|9919122616802836|2020 06
Asset|9919122616802836|2016 05
Asset|9919122616802836|2019 11
Asset|9919122616802836|2020 02
Asset|9919122616802836|no. 3 (2021 01)
Asset|9919122616802836|no. 2 (2021 01)
