The weekend lifestyler|2021 11 19|9918994269002836|22350801370002836|23372826700002836
The weekend lifestyler|2021 11 26|9918994269002836|22350801370002836|23372826690002836
Weekend Sun|2021 11 12|9915789603502836|22183434080002836|23372826660002836
Weekend Sun|2021 11 19|9915789603502836|22183434080002836|23372826630002836
Weekend Sun|2021 10 22|9915789603502836|22183434080002836|23372813770002836
Weekend Sun|2021 11 05|9915789603502836|22183434080002836|23372826620002836
Weekend Sun|2021 10 29|9915789603502836|22183434080002836|23372813740002836
Weekend Sun|2021 11 26|9915789603502836|22183434080002836|23372826610002836
Asset|2020 05|9919122616802836|22369419690002836|23372812750002836
Asset|2017 05|9919122616802836|22369419690002836|23372812740002836
Asset|iss. 128 (2013 01)|9919122616802836|22369419690002836|23372812730002836
Asset|no. 4 (2021 01)|9919122616802836|22369419690002836|23372825360002836
Asset|2017 06|9919122616802836|22369419690002836|23372825350002836
Asset|2017 09|9919122616802836|22369419690002836|23372812720002836
Asset|2015 11|9919122616802836|22369419690002836|23372812710002836
Asset|2017 01|9919122616802836|22369419690002836|23372825340002836
Asset|2020 10|9919122616802836|22369419690002836|23372812700002836
Asset|2019 05|9919122616802836|22369419690002836|23372812690002836
Asset|iss. 125 (2013 01)|9919122616802836|22369419690002836|23372812680002836
Asset|iss. 133 (2014 01)|9919122616802836|22369419690002836|23372825330002836
Asset|2016 06|9919122616802836|22369419690002836|23372825320002836
Asset|iss. 137 (2014 01)|9919122616802836|22369419690002836|23372812670002836
Asset|2011 12|9919122616802836|22369419690002836|23372825310002836
Asset|2020 04|9919122616802836|22369419690002836|23372812660002836
Asset|2019 04|9919122616802836|22369419690002836|23372825300002836
Asset|2021 01|9919122616802836|22369419690002836|23372812650002836
Asset|iss. 124 (2013 01)|9919122616802836|22369419690002836|23372812640002836
Asset|2020 03|9919122616802836|22369419690002836|23372825290002836
Asset|2017 07|9919122616802836|22369419690002836|23372812630002836
Asset|iss. 129 (2014 01)|9919122616802836|22369419690002836|23372812620002836
Asset|2020 07|9919122616802836|22369419690002836|23372825280002836
Asset|2019 06|9919122616802836|22369419690002836|23372812610002836
Asset|2019 07|9919122616802836|22369419690002836|23372825270002836
Asset|2017 03|9919122616802836|22369419690002836|23372825260002836
Asset|2017 08|9919122616802836|22369419690002836|23372825250002836
Asset|2016 02|9919122616802836|22369419690002836|23372812600002836
Asset|2020 11|9919122616802836|22369419690002836|23372812590002836
Asset|2019 09|9919122616802836|22369419690002836|23372812580002836
Asset|2019 10|9919122616802836|22369419690002836|23372812570002836
Asset|2019 08|9919122616802836|22369419690002836|23372825240002836
Asset|iss. 126 (2013 01)|9919122616802836|22369419690002836|23372825230002836
Asset|2015 08|9919122616802836|22369419690002836|23372812560002836
Asset|2020 06|9919122616802836|22369419690002836|23372825220002836
Asset|2016 05|9919122616802836|22369419690002836|23372812550002836
Asset|2019 11|9919122616802836|22369419690002836|23372812540002836
Asset|2020 02|9919122616802836|22369419690002836|23372825210002836
Asset|no. 3 (2021 01)|9919122616802836|22369419690002836|23372812530002836
Asset|no. 2 (2021 01)|9919122616802836|22369419690002836|23372812520002836
