
19 October 2021
02 November 2021
15 February 2022
01 February 2022
18 January 2022
21 September 2021
16 November 2021
07 September 2021
30 November 2021
05 October 2021
14 December 2021
01 March 2022
15 March 2022
29 March 2022
12 April 2022
26 April 2022
24 May 2022
21 June 2022
iss. 755 (2022 07 19)
iss. 756 (2022 08 02)
iss. 757 (2022 08 16)
iss. 758 (2022 08 30)
iss. 759 (2022 09 13)
iss. 760 (2022 09 27)
iss. 761 (2022 10 11)
iss. 762 (2022 10 25)
iss. 763 (2022 11 08)
iss. 764 (2022 11 22)
iss. 752 (2022 06 07)
iss. 754 (2022 07 05)
iss. 750 (2022 05 10)
iss. 766 (2022 12 20)
iss. 767 (2023 01 17)
iss. 766 (2022 12 20)
iss. 769 (2023 02 14)
iss. 768 (2023 01 31)
iss. 770 (2023 02 28)
