08 July 2021
26 August 2021
01 July 2021
29 July 2021
12 August 2021
15 July 2021
19 August 2021
25 June 2030
22 July 2021
24 June 2021
13 May 2021
10 June 2021
22 April 2021
29 April 2021
27 May 2021
15 April 2021
06 May 2021
20 May 2021
03 June 2021
17 June 2021
02 September 2021
05 August 2021
09 September 2021
16 September 2021
30 September 2021
14 October 2021
04 November 2021
28 October 2021
21 October 2021
11 November 2021
18 November 2021
25 November 2021
02 December 2021
09 December 2021
16 December 2021
20 January 2022
27 January 2022
10 February 2022
03 February 2022
24 February 2022
03 March 2022
17 March 2022
10 March 2022
31 March 2022
24 March 2022
07 April 2022
14 April 2022
21 April 2022
28 April 2022
19 May 2022
26 May 2022
02 June 2022
09 June 2022
16 June 2022
23 June 2022
30 June 2022
2022 07 07
2022 07 14
2022 07 21
2022 07 28
2022 08 04
2022 08 11
2022 08 18
2022 08 25
2022 09 01
2022 09 15
2022 09 08
2022 09 22
2022 09 29
2022 10 06
2022 10 13
2022 10 20
2022 10 27
2022 11 10
2022 10 03
2022 02 17
2022 11 17
2022 11 24
2022 12 01
2022 12 08
2022 12 15
2022 12 22
2023 01 12
2023 01 19
2023 01 26
2023 02 09
2023 02 02
2023 02 16
2023 02 23
2023 03 02
