13 October 2021
03 November 2021
01 December 2021
27 October 2021
20 October 2021
10 November 2021
17 November 2021
24 November 2021
08 December 2021
15 December 2021
05 January 2022
29 December 2021
12 January 2022
02 February 2022
16 February 2022
26 January 2022
19 January 2022
09 February 2022
09 March 2022
02 March 2022
23 February 2022
16 March 2022
30 March 2022
22 March 2022
06 April 2022
13 April 2022
20 April 2022
27 April 2022
04 May 2022
11 May 2022
18 May 2022
25 May 2022
01 June 2022
08 June 2022
15 June 2022
22 June 2022
2022 06 30
2022 07 13
2022 07 06
2022 07 27
2022 07 20
2022 08 03
2022 08 10
2022 08 17
2022 08 24
2022 08 31
2022 09 07
2022 09 14
2022 09 21
2022 09 28
2022 10 05
2022 10 12
2022 10 19
2022 10 26
2022 11 02
2022 11 09
2022 11 09
2022 11 16
2022 11 23
2022 11 30
2022 12 07
2022 12 14
2022 12 21
2023 01 10
2022 12 28
2023 01 18
2023 01 25
2023 02 01
2023 02 15
2023 02 08
2023 02 22
2023 03 01
2023 03 08
2023 03 15
