17 September 2021
08 October 2021
01 October 2021
24 September 2021
15 October 2021
12 November 2021
29 October 2021
05 November 2021
22 October 2021
19 November 2021
26 November 2021
03 December 2021
10 December 2021
17 December 2021
14 January 2022
28 January 2022
21 January 2022
11 February 2022
04 February 2022
18 February 2022
25 February 2022
11 March 2022
18 March 2022
01 April 2022
25 March 2022
08 April 2022
22 April 2022
15 April 2022
29 April 2022
13 May 2022
06 May 2022
20 May 2022
27 May 2022
03 June 2022
10 June 2022
17 June 2022
24 June 2022
01 July 2022
2022 07 08
2022 07 15
2022 07 22
2022 07 29
2022 08 05
2022 08 19
2022 08 12
2022 08 26
2022 09 02
2022 09 09
2022 09 16
2022 09 23
2022 09 30
2022 10 07
2022 10 14
2022 10 21
2022 10 28
2022 11 04
2022 11 11
2022 11 18
2022 11 25
2022 12 02
2022 12 09
2022 12 23
2023 01 13
2023 01 20
2023 01 27
2023 02 10
2023 02 03
2023 02 17
2023 02 24
2023 03 03
2023 03 10
2023 03 17
